   x 
    x 
    x 
    x 
    x 
    x 
    x 
  577 
  577 
  583 
  602 
  591 
  601 
  620 
  628 
  637 
  627 
  621 
  639 
  640 
  645 
  653 
  643 
  660 
  674 
  674 
  678 
  678 
  677 
  693 
  685 
  685 
  679 
  674 
  666 
  665 
  671 
  684 
  681 
  701 
  701 
  712 
  721 
  725 
  731 
  732 
  727 
  738 
  745 
  755 
  758 
  752 
  765 
  772 
  770 
  764 
  763 
  770 
  775 
  776 
  772 
  787 
  793 
  796 
  795 
  807 
  817 
  826 
  817 
  818 
  817 
  822 
  814 
  814 
  810 
  828 
  835 
  837 
  830 
  839 
  836 
  841 
  841 
  847 
  855 
  868 
  865 
  872 
  882 
  876 
  878 
  873 
  861 
  867 
  870 
  874 
  872 
  874 
  882 
  882 
  880 
  870 
  869 
  873 
  874 
  870 
  882 
  882 
  892 
  892 
  901 
  900 
  900 
  894 
  907 
  899 
  903 
  900 
  911 
  911 
  916 
  902 
  917 
  902 
  907 
  904 
  919 
  912 
  918 
  906 
  921 
  915 
  917 
  904 
  908 
  902 
  899 
  900 
  902 
  895 
  894 
  904 
  912 
  916 
  909 
  906 
  896 
  897 
  883 
  875 
  871 
  868 
  860 
  875 
  887 
  893 
  897 
  898 
  906 
  910 
  894 
  889 
  885 
  879 
  878 
  861 
  856 
  868 
  869 
  871 
  865 
  861 
  864 
  874 
  856 
  838 
  829 
  838 
  845 
  847 
  838 
  845 
  848 
  854 
  843 
  839 
  828 
  823 
  822 
  827 
  813 
  824 
  823 
  826 
  824 
  817 
  806 
  810 
  799 
  797 
  800 
  801 
  797 
  803 
  801 
  794 
  792 
  789 
  784 
  785 
  777 
  767 
  764 
  752 
  737 
  739 
  728 
  718 
  714 
  708 
  704 
  701 
  699 
  699 
  694 
  703 
  712 
  707 
  701 
  684 
  679 
  682 
  667 
  657 
  658 
  655 
  648 
  642 
  633 
  632 
  627 
  612 
  609 
  618 
  609 
  616 
  617 
  611 
  615 
  609 
  598 
  611 
  600 
  592 
  584 
  579 
  583 
  583 
  568 
  560 
  563 
  555 
  558 
  558 
  556 
  546 
  539 
  523 
  530 
  512 
  505 
  488 
  494 
  494 
  498 
  495 
  504 
  503 
  503 
  499 
  490 
  473 
  469 
  458 
  446 
  452 
  447 
  451 
  461 
  458 
  455 
  446 
  430 
  431 
  416 
  406 
  390 
  394 
  399 
  400 
  389 
  386 
  386 
  381 
  361 
  354 
  342 
  344 
  354 
  351 
  348 
  354 
  351 
  364 
  358 
  354 
  346 
  349 
  349 
  338 
  320 
  308 
  297 
  300 
  303 
  286 
  288 
  292 
  294 
  296 
  289 
  278 
  283 
  274 
  280 
  272 
  260 
  254 
  249 
  247 
  250 
  247 
  258 
  255 
  259 
  258 
  254 
  256 
  253 
  243 
  257 
  247 
  253 
  257 
  254 
  249 
  252 
  237 
  232 
  236 
  224 
  214 
  209 
  211 
  218 
  218 
  206 
  211 
  227 
  219 
  218 
  217 
  220 
  215 
  214 
  205 
  204 
  198 
  189 
  189 
  196 
  192 
  187 
  196 
  190 
  202 
  212 
  214 
  216 
  222 
  213 
  225 
  226 
  224 
  216 
  221 
  212 
  218 
  208 
  195 
  183 
  187 
  178 
  188 
  190 
  197 
  207 
  217 
  211 
  212 
  209 
  211 
  213 
  210 
  215 
  229 
  247 
  252 
  250 
  241 
  247 
  248 
  244 
  230 
  227 
  226 
  231 
  230 
  227 
  231 
  248 
  255 
  271 
  280 
  291 
  288 
  293 
  284 
  289 
  288 
  280 
  270 
  273 
  277 
  290 
  287 
  290 
  304 
  303 
  313 
  310 
  315 
  312 
  310 
  309 
  320 
  325 
  328 
  328 
  340 
  335 
  334 
  342 
  341 
  341 
  336 
  342 
  349 
  362 
  357 
  369 
  374 
  386 
  382 
  388 
  380 
  389 
  389 
  398 
  396 
  409 
  419 
  434 
  440 
  447 
  445 
  454 
  450 
  444 
  447 
  448 
  444 
  456 
  461 
  467 
  482 
  482 
  493 
  504 
  501 
 